1.6019
2.0147
2.4276
2.8405
3.1130
3.4323
3.7516
4.0710
4.3903
4.8242
5.1440
5.4639
5.7837
6.2211
6.5406
6.8600
7.1795
7.6089
7.9281
8.2473
8.5664
8.8856
9.3527
9.6710
9.9892
10.3074
10.6153
10.9336
11.2519
11.5701
12.1052
12.4234
12.7417
13.0599
13.3951
13.7134
14.0317
14.3500
14.6683
14.8980
15.2161
15.5343
15.8524
16.1706
16.5015
16.8197
17.1378
17.4560
17.7742
18.2222
18.5402
18.8583
19.1762
19.6034
19.9215
20.2395
20.5576
20.8864
21.2039
21.5214
21.8389
22.1564
22.4009
22.7183
23.0358
23.3532
23.6706
23.9949
24.3123
24.6297
24.9471
25.2589
25.5765
25.8942
26.2118
26.5295
26.7921
27.1098
27.4274
27.7451
28.0628
28.3871
28.7049
29.0227
29.3405
29.6583
29.9033
30.2213
30.5393
30.8572
31.1752
31.4974
31.8151
32.1328
32.4505
33.0041
33.4297
33.8553
34.2865
34.7112
35.1360
35.5607
35.9993
36.4240
36.8488
37.2864
37.7111
38.1358
38.5605
39.0002
39.4248
39.8494
40.2881
40.7127
41.1373
41.5619
42.0014
42.4260
42.8506
43.2859
43.7107
44.1354
44.5601
44.9954
45.4201
45.8448
46.2851
46.7098
47.1346
47.5721
47.9967
48.4213
48.8459
49.2859
49.7107
50.1354
50.5729
50.9976
51.4223
51.8470
52.2877
52.7124
53.1371
53.7899
54.2157
54.6416
55.0739
55.4987
55.9234
56.3482
56.7910
57.2158
57.6406
58.0744
58.4993
58.9241
59.3490
59.7833
60.2080
60.6327
61.0710
61.4958
61.9206
62.3454
62.7864
63.2111
63.6358
64.0738
64.4987
64.9236
65.3485
65.7818
66.2064
66.6310
67.0791
67.5038
67.9286
68.3534
68.6770
69.1019
69.5267
69.8624
70.2870
70.7115
71.1361
71.5746
71.9993
72.4241
72.8590
73.2836
73.7081
74.1326
74.5738
74.9986
75.4234
75.8561
76.2807
76.7053
77.1299
77.5725
77.9973
78.4222
78.8603
79.2850
79.7097
80.1344
80.5736
80.9984
81.4233
81.8568
82.2814
82.7061
83.1307
83.5729
83.9974
84.4219
84.8615
85.2862
85.7108
86.1355
86.5756
87.0002
87.4248
87.8548
88.2795
88.7042
89.1289
89.5693
89.9939
90.4185
90.8604
91.2852
91.7100
92.1437
92.5681
92.9925
93.4170
93.8561
94.2806
94.7051
95.1431
95.5677
95.9923
96.4169
96.8603
97.2850
97.7097
98.1448
98.5698
98.9949
99.4199
99.8585
100.2833
100.7081
101.1436
101.5686
101.9936
102.4185
102.8600
103.2847
103.7093
104.1431
104.5676
104.9921
105.4166
105.8560
106.2806
106.7051
107.1446
107.5692
107.9938
108.4184
108.8603
109.2849
109.7095
110.1450
110.5697
110.9944
111.4191
111.8584
112.2832
112.7079
113.1449
113.5696
113.9943
114.4189
114.7568
115.1813
115.6059
116.0410
116.4657
116.8904
117.3151
117.6381
118.0627
118.4874
118.9310
119.3556
119.7803
120.2050
120.6416
121.0661
121.4907
121.9341
122.3589
122.7836
123.2084
123.6485
124.0732
124.4979
125.0373
125.4619
125.8865
126.3283
126.7528
127.1773
127.6018
127.9251
128.3496
128.7741
129.1986
129.5423
129.9670
130.3917
130.9229
131.3475
131.7720
132.1965
132.4346
132.7536
133.0726
133.3917
133.7107
134.0374
134.3553
134.6733
134.9912
135.5413
135.8590
136.1767
136.4944
136.8225
137.1404
137.4583
137.7762
138.0941
138.3285
138.6461
138.9636
139.2812
139.5988
139.9281
140.2459
140.5636
140.8814
141.2093
141.5271
141.8448
142.1626
142.4804
142.7232
143.0409
143.3586
143.6762
143.9939
144.4334
144.8586
145.2838
145.7159
146.1402
146.5646
146.9889
147.4305
147.8549
148.2793
148.7163
149.1409
149.5654
149.9900
150.4297
150.8546
151.2794
151.7181
152.1430
152.5680
152.9929
153.4348
153.8609
154.2870
154.7167
155.1417
155.5667
155.9916
156.4319
156.8567
157.2815
157.7171
158.1417
158.5664
158.9910
159.4233
159.8479
160.2726
160.7163
161.1409
161.5654
162.0030
162.4277
162.8524
163.2771
163.7171
164.1418
164.5665
165.0005
165.4252
165.8499
166.2746
166.7149
167.1396
167.5643
168.0026
168.4272
168.8518
169.2764
169.7150
170.1395
170.5640
171.0008
171.4253
171.8497
172.2742
172.7150
173.1395
173.5640
174.0036
174.4283
174.8530
175.2778
175.7130
176.1375
176.5620
176.9993
177.4238
177.8483
178.2729
178.7133
179.1376
179.5620
180.0017
180.4263
180.8508
181.2754
181.7144
182.1390
182.5635
183.0013
183.4258
183.8504
184.2880
184.7128
185.1375
185.5622
186.0033
186.4279
186.8524
187.2823
187.7070
188.1317
188.5564
189.0000
189.4244
189.8489
190.2878
190.7124
191.1371
191.5617
192.0024
192.4271
192.8518
193.2870
193.7115
194.1360
194.5605
195.0013
195.4257
195.8501
196.2877
196.7119
197.1362
197.5605
198.0037
198.4276
198.8515
199.2791
199.7029
200.1267
200.5505
201.0030
201.3222
201.6413
201.9605
202.2861
202.6043
202.9224
203.2405
203.5586
203.7918
204.1094
204.4271
204.7447
205.0623
205.3852
205.7035
206.0217
206.3399
206.6632
206.9810
207.2988
207.6166
207.9344
208.1864
208.5043
208.8222
209.1400
209.4579
209.7791
210.0970
210.4150
210.7330
211.0452
211.3631
211.6811
211.9991
212.3171
212.6858
213.0039
213.3220
213.6401
213.9582
214.3953
214.7130
215.0306
215.3482
215.6775
215.9952
216.3128
216.6304
216.9481
217.1844
217.5017
217.8191
218.1364
218.4648
218.7823
219.0999
219.4174
219.7349
220.0634
220.3813
220.6992
221.0171
221.3350