1.5603
2.0042
2.4480
2.8919
3.3362
3.7778
4.2194
4.6682
5.1097
5.5512
6.0012
6.4423
6.8834
7.3245
7.7787
8.2198
8.6610
9.1121
9.5532
9.9943
10.4451
10.8863
11.3274
11.7686
12.2224
12.6636
13.1046
13.5566
13.9977
14.4388
14.8901
15.3312
15.7723
16.2134
16.6676
17.1087
17.5499
18.0008
18.4419
18.8830
19.3346
19.7756
20.2167
20.6578
21.1111
21.5522
21.9933
22.4448
22.8859
23.3270
23.7681
24.2034
24.6446
25.0857
25.5550
25.9961
26.4372
26.8889
27.3300
27.7711
28.2122
28.6649
29.1060
29.5470
30.0002
30.4412
30.8823
31.3344
31.7754
32.2165
32.6575
33.1109
33.5520
33.9931
34.4454
34.8865
35.3276
35.7777
36.2188
36.6599
37.1010
37.5564
37.9975
38.4386
38.8908
39.3320
39.7731
40.2214
40.6626
41.1038
41.5450
42.0025
42.4436
42.8847
43.3384
43.7794
44.2204
44.6693
45.1102
45.5512
45.9921
46.4462
46.8871
47.3279
47.7782
48.2189
48.6597
49.1136
49.5544
49.9951
50.4359
50.8915
51.3324
51.7733
52.2244
52.6653
53.1062
53.5575
53.9985
54.4396
54.8806
55.3332
55.7742
56.2152
56.6680
57.1091
57.5501
58.0014
58.4423
58.8832
59.3241
59.7796
60.2206
60.6616
61.1122
61.5532
61.9942
62.4447
62.8858
63.3269
63.7679
64.2211
64.6621
65.1032
65.5553
65.9963
66.4373
66.8900
67.3311
67.7722
68.2133
68.6646
69.1057
69.5468
70.0027
70.4438
70.8849
71.4440
71.8851
72.3262
72.7674
73.2195
73.6606
74.1017
74.5599
75.0009
75.4420
75.8461
76.2871
76.7281
77.1691
77.5605
78.0014
78.4425
78.8903
79.3313
79.7723
80.2133
80.6681
81.1090
81.5500
82.0015
82.4425
82.8835
83.3349
83.7759
84.2170
84.6580
85.1126
85.5536
85.9946
86.4468
86.8878
87.3288
87.7793
88.2202
88.6612
89.1021
89.5582
89.9992
90.4402
90.8899
91.3309
91.7719
92.2231
92.6641
93.1051
93.5461
93.9996
94.4406
94.8816
95.3343
95.7754
96.2165
96.6686
97.1097
97.5508
97.9919
98.4451
98.8863
99.3274
99.7792
100.2203
100.6615
101.1121
101.5531
101.9941
102.4352
102.8891
103.3302
103.7712
104.2205
104.6615
105.1025
105.5585
105.9995
106.4406
106.8816
107.3396
107.7807
108.2217
108.8816
109.3232
109.7647
110.2247
110.6650
111.1052
111.5545
111.9952
112.4359
112.8765
113.2523
113.6933
114.1343
114.4461
114.8878
115.3294
115.7710
116.2231
116.6642
117.1053
117.5563
117.9974
118.4385
118.8797
119.5508
119.9920
120.8050
121.2461
121.6872
122.0614
122.5025
122.9435
123.3961
123.8372
124.2783
124.7195
125.1164
125.5574
125.9985
126.4451
126.8863
127.3274
127.7686
128.2231
128.6642
129.1054
129.5559
129.9971
130.4382
130.8901
131.3313
131.7724
132.2134
132.6649
133.1061
133.5473
134.0031
134.4444
134.8856
135.3334
135.7744
136.2154
136.6565
137.1133
137.5543
137.9952
138.4464
138.8872
139.3280
139.7791
140.2200
140.6608
141.1017
141.5577
141.9985
142.4393
142.8892
143.3300
143.7709
144.2231
144.6639
145.1047
145.5455
146.0016
146.4426
146.8836
147.3340
147.7749
148.2158
148.6697
149.1107
149.5516
149.9926
150.4472
150.8881
151.3290
151.7808
152.2217
152.6627
153.1127
153.5537
153.9947
154.4357
154.8895
155.3305
155.7715
156.2231
156.6641
157.1052
157.5566
157.9976
158.4387
158.8797
159.3344
159.7754
160.2165
160.6684
161.1095
161.5505
161.9939
162.4350
162.8761
163.3172
163.6755
164.1166
164.5578
165.1095
165.5505
165.9915
166.4326
167.1165
167.5575
168.0018
168.4427
168.8837
169.3246
169.7796
170.2206
170.6615
171.1128
171.5537
171.9946
172.4468
172.8878
173.3288
173.7697
174.2240
174.6650
175.1060
175.5585
175.9995
176.4406
176.8912
177.3322
177.7732
178.2142
178.6699
179.1108
179.5518
180.0016
180.4425
180.8835
181.3347
181.7757
182.2167
182.6578
183.1119
183.5529
183.9939
184.4466
184.8877
185.3287
185.7812
186.2222
186.6632
187.1043
187.5574
187.9985
188.4397
188.8907
189.3318
189.7729
190.2234
190.6645
191.1056
191.5467
192.0013
192.4424
192.8835
193.3347
193.7758
194.2168
194.6579
195.1057
195.5468
195.9879
196.4450
196.8861
197.3273
197.7806
198.2218
198.6630
199.1043
199.5583
199.9994
200.4405
200.8927
201.3337
201.7747
202.2253
202.6660
203.1068
203.5475
204.0027
204.4435
204.8842
205.3358
205.7767
206.2175
206.6688
207.1097
207.5506
207.9915
208.6665
209.1081
209.5578
209.9988
210.4398
210.8808
211.3348
211.7758
212.2168
212.6692
213.1102
213.5512
214.0013
214.4424
214.8834
215.3244
215.7805
216.2214
216.6623
217.1141
217.5551
217.9961
218.4371
218.8827
219.3236
219.7646
220.2186
220.6597
221.1008
221.5569
221.9983
222.4397
222.8811
223.3360
223.7775
224.2189
224.6707
225.1121
225.5535
226.0030
226.4441
226.8851
227.3262
228.0045
228.4462
228.8914
229.3324
229.7734
230.2143
230.6694
231.1104
231.5514
232.0018
232.4427
232.8836
233.3349
233.7758
234.2167
234.6576
235.1124
235.5533
235.9942
236.4463
236.8873
237.3282
237.7804
238.2215
238.6626
239.1037
239.5576
239.9986
240.4397
240.8893
241.3304
241.7714
242.2124
242.6599
243.1009
243.5418
244.0000
244.4409
244.8819
245.3354
245.7764
246.2175
246.6585
247.1124
247.5535
247.9946
248.4463
248.8874
249.3285
249.7810
250.2220
250.6630
251.1040
251.5575
251.9985
252.4395
252.8913
253.3323
253.7733
254.2232
254.6642
255.1052
255.5462
256.0010
256.4420
256.8830
257.3345
257.7755
258.2165
258.6694
259.1104
259.5514
259.9924
260.4458
260.8867
261.3278
261.7797
262.2207
262.6617
263.1134
263.5544
263.9955
264.4365
264.8898
265.3308
265.7719
266.2238
266.6649
267.1059
267.5569
267.9979
268.4391
268.8802
269.3343
269.7753
270.2163
270.6676
271.1086
271.5497
272.0021
272.4431
272.8841
273.3251
273.7796
274.2206
274.6617
275.1137
275.5548
275.9959
276.4468
276.8879
277.3290
277.7702
278.2248
278.6659
279.1069
279.5562
279.9971
280.4381
280.8917
281.3329
281.7740
282.2151
282.6679
283.1090
283.5500
284.0023
284.4433
284.8844
285.3362
285.7771
286.2181
286.6591
287.1131
287.5541
287.9951
288.4460
288.8871
289.3282
289.7693
290.2145
290.6556
291.0967
291.5359
291.9771
292.4184
292.8602
293.3016