1.6975
2.0382
2.3789
2.7196
3.1544
3.4973
3.8402
4.1830
5.0959
5.7918
6.1332
6.4804
6.8276
7.1748
7.7401
8.0837
8.4273
8.7709
9.2660
9.6750
10.0840
10.6222
11.1491
11.6761
12.1350
12.6587
13.1824
13.6994
14.2222
14.7450
15.3015
15.8185
16.3356
16.8380
17.3580
18.0691
18.5851
19.1012
19.6873
20.2042
20.7210
21.2358
21.6941
22.1524
22.6208
23.0781
23.5353
24.0026
24.4597
24.9168
25.3875
25.8444
26.3013
26.7736
27.2304
27.6872
28.1440
28.6190
29.0756
29.5321
30.0033
30.4598
30.9163
31.3803
31.8365
32.2928
32.7783
33.2346
33.6909
34.1471
34.6166
35.0728
35.5290
35.9223
36.3785
36.8347
37.3433
37.7997
38.2562
38.6919
39.1485
39.6052
40.0619
40.5359
40.9927
41.4496
41.9529
42.4095
42.8662
43.3866
43.8431
44.2995
44.7696
45.2258
45.6820
46.1511
46.6078
47.0644
47.5210
47.9717
48.4283
48.8848
49.3821
49.8389
50.2957
50.7627
51.2194
51.6760
52.1569
52.6139
53.0709
53.5391
53.9958
54.4526
54.9093
55.3790
55.8357
56.2924
56.7710
57.2275
57.6841
58.1575
58.6143
59.0711
59.5412
59.9981
60.4550
60.9119
61.6212
62.0788
62.5429
63.0008
63.4588
63.9256
64.3836
64.8415
65.2995
65.7726
66.2305
66.6885
67.1571
67.6151
68.0730
68.5427
69.0006
69.4586
69.9269
70.3848
70.8428
71.3007
71.7738
72.2318
72.6898
73.1584
73.6163
74.0742
74.5430
75.0009
75.4588
75.9288
76.3866
76.8445
77.3154
77.7731
78.2309
78.6886
79.3902
79.8476
80.3130
80.7704
81.2278
81.6853
82.1619
82.6195
83.0771
83.5456
84.0031
84.4607
84.9315
85.3891
85.8466
86.3139
86.7713
87.2287
87.6976
88.1551
88.6126
89.0701
89.5460
90.0034
90.4609
90.9297
91.3872
91.8447
92.3166
92.7741
93.2317
93.6986
94.1561
94.6137
95.0712
95.5435
96.0010
96.4585
96.9317
97.3892
97.8467
98.3162
98.7738
99.2314
99.6997
100.1572
100.6148
101.0829
101.5405
101.9981
102.4557
102.9283
103.3857
103.8432
104.3100
104.7675
105.2250
105.6972
106.1544
106.6117
107.0834
107.5405
107.9978
108.4549
108.9281
109.3843
109.8404
110.3101
110.7671
111.2240
111.6981
112.1548
112.6116
113.0754
113.5324
113.9895
114.4641
114.9211
115.3781
115.8351
116.3027
116.7597
117.2167
117.6927
118.1495
118.6063
119.0816
119.5384
119.9953
120.4634
120.9202
121.3770
121.8338
122.2461
122.7028
123.1595
123.6334
124.0901
124.5468
125.0222
125.4788
125.9354
126.3431
126.7998
127.2566
127.7134
128.2479
128.7048
129.1617
129.5796
130.0359
130.4922
130.9600
131.4161
131.8722
132.3468
132.8032
133.2596
133.7160
134.1669
134.6235
135.0802
135.5307
135.9871
136.4434
136.8422
137.2985
137.7548
138.2405
138.6975
139.1546
139.6116
140.0771
140.5343
140.9915
141.6947
142.1522
142.6096
143.0831
143.5404
143.9977
144.4678
144.9251
145.3825
145.8478
146.3050
146.7621
147.2315
147.6885
148.1454
148.6180
149.0750
149.5320
149.9890
150.3853
150.8422
151.2990
151.8480
152.3048
152.7617
153.2253
153.6823
154.1392
154.6223
155.0794
155.5366
155.9937
156.4690
156.9262
157.3835
157.8577
158.3149
158.7720
159.2372
159.6940
160.1509
160.6209
161.0782
161.5356
162.0064
162.4639
162.9213
163.3787
163.8500
164.3074
164.7649
165.2319
165.6890
166.1461
166.6201
167.0767
167.5333
168.0014
168.4581
168.9147
169.3713
169.8381
170.2948
170.7515
171.2331
171.6901
172.1470
172.6172
173.0738
173.5305
174.0031
174.4598
174.9165
175.3831
175.8398
176.2966
176.7533
177.2224
177.6790
178.1357
178.6171
179.0742
179.5313
180.0042
180.4620
180.9200
181.3869
181.8448
182.3028
182.7607
183.2337
183.6915
184.1493
184.6158
185.0737
185.5315
186.0028
186.4606
186.9184
187.3872
187.8451
188.3030
188.7711
189.2289
189.6868
190.1447
190.6143
191.0722
191.5301
192.0001
192.4580
192.9158
193.3932
193.8514
194.3096
194.7748
195.2322
195.6896
196.1470
196.6081
197.0656
197.5231
198.0056
198.4630
198.9204
199.3956
199.8539
200.3123
200.7753
201.2327
201.6901
202.1595
202.6170
203.0745
203.5320
204.0088
204.4664
204.9239
205.3922
205.8498
206.3074
206.7779
207.2354
207.6929
208.1602
208.6179
209.0755
209.5467
210.0043
210.4619
210.9195
211.3920
211.8496
212.3072
212.7762
213.2338
213.6914
214.1623
214.6198
215.0774
215.5473
216.0048
216.4624
216.9200
217.3904
217.8479
218.3054
218.7769
219.2344
219.6919
220.1628
220.6202
221.0777
221.5469
222.0045
222.4620
222.9257
223.3830
223.8403
224.2977
224.7757
225.2328
225.6900
226.0350
226.4909
226.9467
227.4205
227.8769
228.3333
228.7896
229.2818
229.7380
230.1941
230.6638
231.1204
231.5769
232.0455
232.5023
232.9591
233.4292
233.8857
234.3422
234.8143
235.2710
235.7277
236.1844
236.6578
237.1142
237.5707
238.0462
238.5030
238.9597
239.4294
239.8863
240.3432
240.9290
241.3864
241.8438
242.3158
242.7733
243.2308
243.6883
244.1625
244.6200
245.0774
245.5464
246.0036
246.4609
246.9274
247.3847
247.8421
248.3163
248.7738
249.2314
249.7005
250.1580
250.6155
251.0730
251.5455
252.0029
252.4604
252.9310
253.3883
253.8456
254.3107
254.7681
255.2255
255.7027
256.1602
256.6178
257.0753
257.5370
257.9944
258.4517
258.9316
259.3890
259.8465
260.3154
260.7726
261.2299
261.6971
262.1545
262.6120
263.0872
263.5447
264.0022
264.4597
264.9288
265.3861
265.8434
266.3172
266.7746
267.2321
267.6899
268.1470
268.6042
269.0359
269.4934
269.9509
270.4084
270.8818
271.3363
271.7909
272.2589
272.7147
273.1705
273.5824
274.0381
274.4938
274.9684
275.4245
275.8805
276.3365
276.8118
277.2678
277.7238
278.2838
278.7390
279.1942
279.6908
280.1466
280.6025
281.0786
281.5352
281.9919
282.4518
282.9093
283.3668
283.8243
284.2755
284.7324
285.1893
285.6369
286.0904
286.5438
286.9911
287.4442
287.8972
288.3450
288.7985